tensor([[[[-0.0850,  0.0263, -0.0717, -0.0993, -0.0481, -0.0205, -0.0496,
           -0.0452, -0.0031, -0.0840,  0.0287],
          [-0.0668,  0.0410, -0.0343, -0.0460, -0.0022,  0.0150, -0.0576,
            0.0002, -0.0456, -0.0581,  0.0021],
          [-0.0699,  0.0405, -0.0771,  0.0561, -0.0198, -0.1176, -0.1096,
           -0.0297,  0.0627,  0.0476,  0.1105],
          [ 0.0167, -0.0893, -0.0627, -0.0518,  0.0084, -0.1101, -0.0440,
            0.0311,  0.0537, -0.0202, -0.0060],
          [-0.0422,  0.0100, -0.0421,  0.0128, -0.0109,  0.0117, -0.0812,
            0.0099, -0.0092,  0.0553, -0.0520],
          [ 0.0143, -0.0278,  0.0403,  0.0005, -0.0560, -0.0479,  0.0654,
           -0.0826, -0.0932, -0.0018, -0.0144],
          [ 0.0566, -0.0027,  0.0815, -0.0898, -0.0384,  0.0116, -0.0544,
           -0.0237, -0.0838, -0.0824,  0.0740],
          [ 0.0160,  0.0715,  0.0790,  0.0296,  0.0468,  0.0176,  0.0475,
            0.0733,  0.0340,  0.0022, -0.0753],
          [ 0.0565,  0.1141, -0.0300,  0.0968,  0.0940,  0.0174, -0.0361,
           -0.0040, -0.0087,  0.0588,  0.0442],
          [-0.0003,  0.0681, -0.0043,  0.1227,  0.1045, -0.0008, -0.0638,
            0.0921, -0.0090,  0.0725,  0.0326],
          [-0.0344, -0.0319,  0.0126,  0.0029,  0.1395,  0.1025, -0.0180,
            0.0814,  0.0531, -0.0626,  0.0138]]],


        [[[-0.0036, -0.0460, -0.0320, -0.0752,  0.0693, -0.0709, -0.0278,
            0.0726,  0.0686, -0.0941,  0.0409],
          [ 0.0301,  0.0078, -0.0709,  0.0358,  0.0163,  0.0480,  0.0640,
           -0.0170,  0.0218,  0.0254,  0.0362],
          [ 0.0088, -0.0556, -0.0587,  0.0026,  0.0801, -0.0439, -0.0343,
            0.0451,  0.0018, -0.0676,  0.0604],
          [ 0.0474, -0.0857,  0.0107,  0.0477, -0.0726, -0.0158, -0.0412,
           -0.0243,  0.0333,  0.0579, -0.0563],
          [-0.0215, -0.0860,  0.0190,  0.0604,  0.0049,  0.0190,  0.0711,
           -0.0806,  0.0681,  0.0090,  0.0678],
          [ 0.0361, -0.0814, -0.0835,  0.0651,  0.0810, -0.0164, -0.0094,
            0.0858, -0.0755,  0.0099,  0.0151],
          [ 0.0300, -0.0050, -0.0330, -0.0477,  0.0629,  0.0102, -0.0726,
            0.0362,  0.0562,  0.0438, -0.0314],
          [ 0.0780, -0.0396, -0.0131, -0.0540,  0.0049, -0.0800,  0.0501,
            0.0445,  0.0406,  0.0038,  0.0271],
          [ 0.0821, -0.1028, -0.0759, -0.0342, -0.0151, -0.0455, -0.0130,
            0.0355,  0.0685,  0.0532, -0.0909],
          [-0.0867, -0.0540, -0.0341, -0.0707,  0.0606, -0.0955,  0.0718,
            0.0220,  0.0696,  0.0855,  0.0109],
          [-0.0133, -0.1119, -0.0497, -0.0187,  0.0263,  0.0049, -0.0875,
           -0.0273, -0.0535, -0.0105, -0.0811]]],


        [[[ 0.0526,  0.1215, -0.0612, -0.0562,  0.0564,  0.0685, -0.0132,
           -0.0671,  0.0760, -0.1000, -0.0148],
          [ 0.0531,  0.0172, -0.0395,  0.0647, -0.0489, -0.0389,  0.0137,
           -0.0620, -0.0190, -0.0854, -0.0576],
          [ 0.0207,  0.0638,  0.0286, -0.0081, -0.0552,  0.0110,  0.0393,
           -0.0219,  0.0326, -0.0594, -0.0797],
          [ 0.0450,  0.0344, -0.0197, -0.0783, -0.0920,  0.0316,  0.0404,
           -0.0330,  0.0695, -0.0028,  0.0362],
          [ 0.0365,  0.0242, -0.0112,  0.0050,  0.0397,  0.0171, -0.0016,
           -0.0308,  0.0534, -0.0592, -0.0606],
          [-0.0743, -0.0697, -0.0654, -0.0141, -0.1013, -0.0288, -0.0301,
            0.0624, -0.0950,  0.0348, -0.0227],
          [ 0.0056, -0.0852,  0.0797, -0.0236,  0.0392, -0.0629,  0.0845,
           -0.0562, -0.0169,  0.0774,  0.0350],
          [ 0.0029, -0.0579, -0.0175,  0.0156, -0.0516,  0.0094,  0.0049,
            0.0623, -0.0778, -0.0943, -0.0229],
          [-0.0530, -0.0894,  0.0196,  0.0072,  0.0318, -0.0486, -0.0478,
            0.0910, -0.0119,  0.0548,  0.0145],
          [-0.0718, -0.0447, -0.0092, -0.0332,  0.0241, -0.0507,  0.0415,
            0.0895, -0.0554, -0.0599,  0.0846],
          [-0.0291, -0.0180,  0.0445, -0.0612,  0.0630, -0.0365,  0.0904,
           -0.0068,  0.0627,  0.0934,  0.0286]]],


        [[[ 0.0224,  0.0585,  0.0806, -0.0037, -0.0253, -0.1150, -0.0790,
           -0.1006, -0.0091, -0.0273, -0.0966],
          [ 0.0538, -0.0174, -0.0426, -0.0629, -0.0247, -0.1024, -0.0470,
            0.0040, -0.0564, -0.0480, -0.0172],
          [-0.0083, -0.0069, -0.0048, -0.0102, -0.0995,  0.0588,  0.0678,
           -0.0956,  0.0779,  0.0486, -0.0117],
          [-0.0194, -0.0890, -0.0296, -0.0952,  0.0770,  0.0842, -0.0865,
           -0.0651, -0.0536,  0.0698,  0.0758],
          [-0.0138,  0.0031,  0.0468, -0.0395,  0.0561,  0.0409,  0.0129,
           -0.0266, -0.0256, -0.0090,  0.0398],
          [-0.0181, -0.0218, -0.0662,  0.0344, -0.0478,  0.0783,  0.0659,
           -0.0128,  0.0425, -0.0060,  0.0015],
          [ 0.0508, -0.0119,  0.0850,  0.0621,  0.0298,  0.0446, -0.0346,
            0.0038, -0.0707, -0.0642, -0.0404],
          [ 0.0803, -0.0707,  0.0918, -0.0207,  0.0829,  0.0210,  0.0965,
            0.0084, -0.0292, -0.0715,  0.0692],
          [ 0.0241, -0.0602, -0.0265, -0.0524, -0.0474,  0.0285,  0.0824,
           -0.0435,  0.1032,  0.0415,  0.0709],
          [ 0.0300, -0.0351,  0.0623, -0.0079, -0.0335, -0.0117,  0.0433,
            0.0415, -0.0098,  0.0569, -0.0710],
          [ 0.0548,  0.0497, -0.0009, -0.0498, -0.0479, -0.0361,  0.0693,
            0.0958,  0.0017, -0.0622,  0.0723]]],


        [[[-0.0401, -0.0602, -0.0370,  0.0455,  0.0494,  0.0759,  0.0628,
            0.0946, -0.0510, -0.0307, -0.0573],
          [-0.1206,  0.0543, -0.0268,  0.0174, -0.0377,  0.0764,  0.0063,
            0.0374,  0.0859,  0.0032,  0.0398],
          [-0.0722, -0.0937, -0.0838, -0.0937,  0.0635, -0.0104,  0.0252,
            0.0300,  0.0710,  0.0809, -0.0812],
          [-0.1094,  0.0439, -0.0787,  0.0236,  0.0475,  0.0676, -0.0211,
            0.0896,  0.0626,  0.0812,  0.0267],
          [-0.1124,  0.0388,  0.0960,  0.0785,  0.0709, -0.0821,  0.0189,
            0.0582, -0.0604, -0.0357,  0.0008],
          [-0.0978, -0.0402,  0.0511,  0.0690, -0.0266, -0.0017,  0.0227,
           -0.0430,  0.0350,  0.0527, -0.0699],
          [-0.0713,  0.0930,  0.1037, -0.0642,  0.0296,  0.0816, -0.0702,
           -0.0182,  0.0741,  0.0143, -0.0499],
          [-0.0035,  0.0888,  0.1072, -0.0360, -0.0412, -0.0144, -0.0323,
            0.0140, -0.0483, -0.0645, -0.0557],
          [ 0.0004,  0.0554, -0.0045, -0.0235,  0.0259, -0.0801, -0.0171,
            0.0144,  0.0548, -0.0547, -0.0011],
          [ 0.0507,  0.0717,  0.0791,  0.0709,  0.0190, -0.0759,  0.0112,
            0.0598, -0.0343, -0.0719, -0.0845],
          [ 0.0187,  0.0345, -0.0551, -0.0630, -0.0632, -0.0831, -0.1049,
            0.0188,  0.0457, -0.1375, -0.1098]]],


        [[[-0.0890, -0.0200,  0.0584, -0.0633,  0.0546, -0.0895, -0.0051,
           -0.0532, -0.0492, -0.0744,  0.0011],
          [ 0.0316, -0.0878,  0.0089,  0.0031, -0.0240,  0.0097,  0.0091,
            0.0541, -0.0090, -0.0187,  0.0849],
          [-0.0707, -0.0172, -0.0190,  0.0144,  0.0058, -0.0695, -0.0722,
            0.0004,  0.0322,  0.0850,  0.0031],
          [ 0.0271,  0.0071, -0.0361, -0.0347,  0.0757, -0.0234, -0.0672,
            0.0676, -0.0218,  0.0894, -0.0565],
          [-0.0154, -0.0215,  0.0700, -0.0366,  0.0807, -0.0710,  0.0625,
           -0.0498,  0.0296, -0.0169,  0.0635],
          [ 0.0712,  0.0426, -0.0384,  0.0441, -0.0627,  0.0553,  0.0505,
            0.0368,  0.0572,  0.0222, -0.0202],
          [-0.0663, -0.0279,  0.0389,  0.0892,  0.0683,  0.0174,  0.0281,
            0.0762,  0.0597, -0.0113,  0.0674],
          [ 0.0115,  0.0092, -0.0517,  0.0169,  0.0866, -0.0918, -0.0951,
           -0.0890, -0.0788,  0.0163, -0.0890],
          [-0.0848, -0.0176, -0.0428,  0.0704, -0.0069, -0.0020, -0.0200,
           -0.0852, -0.0309,  0.0463,  0.0449],
          [-0.0509, -0.0749,  0.0508,  0.0710, -0.0714, -0.0868, -0.0542,
            0.0502, -0.0696, -0.0288, -0.0454],
          [-0.0363, -0.0405, -0.0898, -0.0285, -0.0189, -0.0698, -0.0529,
           -0.0376, -0.0003, -0.0097,  0.0683]]]])



conv1_weight = 

  11×11×1×6 single dlarray


(:,:,1,1) =

  Columns 1 through 7

   -0.0850    0.0263   -0.0717   -0.0993   -0.0481   -0.0205   -0.0496
   -0.0668    0.0410   -0.0343   -0.0460   -0.0022    0.0150   -0.0576
   -0.0699    0.0405   -0.0771    0.0561   -0.0198   -0.1176   -0.1096
    0.0167   -0.0893   -0.0627   -0.0518    0.0084   -0.1101   -0.0440
   -0.0422    0.0100   -0.0421    0.0128   -0.0109    0.0117   -0.0812
    0.0143   -0.0278    0.0403    0.0005   -0.0560   -0.0479    0.0654
    0.0566   -0.0027    0.0815   -0.0898   -0.0384    0.0116   -0.0544
    0.0160    0.0715    0.0790    0.0296    0.0468    0.0176    0.0475
    0.0565    0.1141   -0.0300    0.0968    0.0940    0.0174   -0.0361
   -0.0003    0.0681   -0.0043    0.1227    0.1045   -0.0008   -0.0638
   -0.0344   -0.0319    0.0126    0.0029    0.1395    0.1025   -0.0180
  
  Columns 8 through 11

   -0.0452   -0.0031   -0.0840    0.0287
    0.0002   -0.0456   -0.0581    0.0021
   -0.0297    0.0627    0.0476    0.1105
    0.0311    0.0537   -0.0202   -0.0060
    0.0099   -0.0092    0.0553   -0.0520
   -0.0826   -0.0932   -0.0018   -0.0144
   -0.0237   -0.0838   -0.0824    0.0740
    0.0733    0.0340    0.0022   -0.0753
   -0.0040   -0.0087    0.0588    0.0442
    0.0921   -0.0090    0.0725    0.0326
    0.0814    0.0531   -0.0626    0.0138


(:,:,1,2) =

  Columns 1 through 7

   -0.0036   -0.0460   -0.0320   -0.0752    0.0693   -0.0709   -0.0278
    0.0301    0.0078   -0.0709    0.0358    0.0163    0.0480    0.0640
    0.0088   -0.0556   -0.0587    0.0026    0.0801   -0.0439   -0.0343
    0.0474   -0.0857    0.0107    0.0477   -0.0726   -0.0158   -0.0412
   -0.0215   -0.0860    0.0190    0.0604    0.0049    0.0190    0.0711
    0.0361   -0.0814   -0.0835    0.0651    0.0810   -0.0164   -0.0094
    0.0300   -0.0050   -0.0330   -0.0477    0.0629    0.0102   -0.0726
    0.0780   -0.0396   -0.0131   -0.0540    0.0049   -0.0800    0.0501
    0.0821   -0.1028   -0.0759   -0.0342   -0.0151   -0.0455   -0.0130
   -0.0867   -0.0540   -0.0341   -0.0707    0.0606   -0.0955    0.0718
   -0.0133   -0.1119   -0.0497   -0.0187    0.0263    0.0049   -0.0875

  Columns 8 through 11

    0.0726    0.0686   -0.0941    0.0409
   -0.0170    0.0218    0.0254    0.0362
    0.0451    0.0018   -0.0676    0.0604
   -0.0243    0.0333    0.0579   -0.0563
   -0.0806    0.0681    0.0090    0.0678
    0.0858   -0.0755    0.0099    0.0151
    0.0362    0.0562    0.0438   -0.0314
    0.0445    0.0406    0.0038    0.0271
    0.0355    0.0685    0.0532   -0.0909
    0.0220    0.0696    0.0855    0.0109
   -0.0273   -0.0535   -0.0105   -0.0811


(:,:,1,3) =

  Columns 1 through 7

    0.0526    0.1215   -0.0612   -0.0562    0.0564    0.0685   -0.0132
    0.0531    0.0172   -0.0395    0.0647   -0.0489   -0.0389    0.0137
    0.0207    0.0638    0.0286   -0.0081   -0.0552    0.0110    0.0393
    0.0450    0.0344   -0.0197   -0.0783   -0.0920    0.0316    0.0404
    0.0365    0.0242   -0.0112    0.0050    0.0397    0.0171   -0.0016
   -0.0743   -0.0697   -0.0654   -0.0141   -0.1013   -0.0288   -0.0301
    0.0056   -0.0852    0.0797   -0.0236    0.0392   -0.0629    0.0845
    0.0029   -0.0579   -0.0175    0.0156   -0.0516    0.0094    0.0049
   -0.0530   -0.0894    0.0196    0.0072    0.0318   -0.0486   -0.0478
   -0.0718   -0.0447   -0.0092   -0.0332    0.0241   -0.0507    0.0415
   -0.0291   -0.0180    0.0445   -0.0612    0.0630   -0.0365    0.0904

  Columns 8 through 11

   -0.0671    0.0760   -0.1000   -0.0148
   -0.0620   -0.0190   -0.0854   -0.0576
   -0.0219    0.0326   -0.0594   -0.0797
   -0.0330    0.0695   -0.0028    0.0362
   -0.0308    0.0534   -0.0592   -0.0606
    0.0624   -0.0950    0.0348   -0.0227
   -0.0562   -0.0169    0.0774    0.0350
    0.0623   -0.0778   -0.0943   -0.0229
    0.0910   -0.0119    0.0548    0.0145
    0.0895   -0.0554   -0.0599    0.0846
   -0.0068    0.0627    0.0934    0.0286


(:,:,1,4) =

  Columns 1 through 7

    0.0224    0.0585    0.0806   -0.0037   -0.0253   -0.1150   -0.0790
    0.0538   -0.0174   -0.0426   -0.0629   -0.0247   -0.1024   -0.0470
   -0.0083   -0.0069   -0.0048   -0.0102   -0.0995    0.0588    0.0678
   -0.0194   -0.0890   -0.0296   -0.0952    0.0770    0.0842   -0.0865
   -0.0138    0.0031    0.0468   -0.0395    0.0561    0.0409    0.0129
   -0.0181   -0.0218   -0.0662    0.0344   -0.0478    0.0783    0.0659
    0.0508   -0.0119    0.0850    0.0621    0.0298    0.0446   -0.0346
    0.0803   -0.0707    0.0918   -0.0207    0.0829    0.0210    0.0965
    0.0241   -0.0602   -0.0265   -0.0524   -0.0474    0.0285    0.0824
    0.0300   -0.0351    0.0623   -0.0079   -0.0335   -0.0117    0.0433
    0.0548    0.0497   -0.0009   -0.0498   -0.0479   -0.0361    0.0693

  Columns 8 through 11

   -0.1006   -0.0091   -0.0273   -0.0966
    0.0040   -0.0564   -0.0480   -0.0172
   -0.0956    0.0779    0.0486   -0.0117
   -0.0651   -0.0536    0.0698    0.0758
   -0.0266   -0.0256   -0.0090    0.0398
   -0.0128    0.0425   -0.0060    0.0015
    0.0038   -0.0707   -0.0642   -0.0404
    0.0084   -0.0292   -0.0715    0.0692
   -0.0435    0.1032    0.0415    0.0709
    0.0415   -0.0098    0.0569   -0.0710
    0.0958    0.0017   -0.0622    0.0723


(:,:,1,5) =

  Columns 1 through 7

   -0.0401   -0.0602   -0.0370    0.0455    0.0494    0.0759    0.0628
   -0.1206    0.0543   -0.0268    0.0174   -0.0377    0.0764    0.0063
   -0.0722   -0.0937   -0.0838   -0.0937    0.0635   -0.0104    0.0252
   -0.1094    0.0439   -0.0787    0.0236    0.0475    0.0676   -0.0211
   -0.1124    0.0388    0.0960    0.0785    0.0709   -0.0821    0.0189
   -0.0978   -0.0402    0.0511    0.0690   -0.0266   -0.0017    0.0227
   -0.0713    0.0930    0.1037   -0.0642    0.0296    0.0816   -0.0702
   -0.0035    0.0888    0.1072   -0.0360   -0.0412   -0.0144   -0.0323
    0.0004    0.0554   -0.0045   -0.0235    0.0259   -0.0801   -0.0171
    0.0507    0.0717    0.0791    0.0709    0.0190   -0.0759    0.0112
    0.0187    0.0345   -0.0551   -0.0630   -0.0632   -0.0831   -0.1049

  Columns 8 through 11

    0.0946   -0.0510   -0.0307   -0.0573
    0.0374    0.0859    0.0032    0.0398
    0.0300    0.0710    0.0809   -0.0812
    0.0896    0.0626    0.0812    0.0267
    0.0582   -0.0604   -0.0357    0.0008
   -0.0430    0.0350    0.0527   -0.0699
   -0.0182    0.0741    0.0143   -0.0499
    0.0140   -0.0483   -0.0645   -0.0557
    0.0144    0.0548   -0.0547   -0.0011
    0.0598   -0.0343   -0.0719   -0.0845
    0.0188    0.0457   -0.1375   -0.1098


(:,:,1,6) =

  Columns 1 through 7

   -0.0890   -0.0200    0.0584   -0.0633    0.0546   -0.0895   -0.0051
    0.0316   -0.0878    0.0089    0.0031   -0.0240    0.0097    0.0091
   -0.0707   -0.0172   -0.0190    0.0144    0.0058   -0.0695   -0.0722
    0.0271    0.0071   -0.0361   -0.0347    0.0757   -0.0234   -0.0672
   -0.0154   -0.0215    0.0700   -0.0366    0.0807   -0.0710    0.0625
    0.0712    0.0426   -0.0384    0.0441   -0.0627    0.0553    0.0505
   -0.0663   -0.0279    0.0389    0.0892    0.0683    0.0174    0.0281
    0.0115    0.0092   -0.0517    0.0169    0.0866   -0.0918   -0.0951
   -0.0848   -0.0176   -0.0428    0.0704   -0.0069   -0.0020   -0.0200
   -0.0509   -0.0749    0.0508    0.0710   -0.0714   -0.0868   -0.0542
   -0.0363   -0.0405   -0.0898   -0.0285   -0.0189   -0.0698   -0.0529

  Columns 8 through 11

   -0.0532   -0.0492   -0.0744    0.0011
    0.0541   -0.0090   -0.0187    0.0849
    0.0004    0.0322    0.0850    0.0031
    0.0676   -0.0218    0.0894   -0.0565
   -0.0498    0.0296   -0.0169    0.0635
    0.0368    0.0572    0.0222   -0.0202
    0.0762    0.0597   -0.0113    0.0674
   -0.0890   -0.0788    0.0163   -0.0890
   -0.0852   -0.0309    0.0463    0.0449
    0.0502   -0.0696   -0.0288   -0.0454
   -0.0376   -0.0003   -0.0097    0.0683

  11×11×1×6 single dlarray